Group	Time	Hour	Sex	Pop	Temp	MeanTotalSleep	SDTotalSleep	MeanSleepBouts	SDSleepBouts	MeanSleepPerBout	SDSleepPerBout	MeanMove	SDMove	Counts
Sleep	Night	0	M	FFD	21	52.728	4.946	1.636	0.362	41.978	9.038	1.161	0.618	19
Sleep	Night	1	M	FFD	21	52.673	5.433	1.555	0.326	43.666	9.136	1.008	0.527	19
Sleep	Night	2	M	FFD	21	52.226	5.689	1.529	0.269	42.769	9.114	1.141	0.577	19
Sleep	Night	3	M	FFD	21	50.236	6.685	1.525	0.270	40.974	9.821	1.262	0.527	19
Sleep	Night	4	M	FFD	21	50.536	5.593	1.539	0.295	41.437	8.964	1.224	0.589	19
Sleep	Night	5	M	FFD	21	50.773	7.184	1.538	0.281	41.789	9.450	1.047	0.443	19
Sleep	Night	6	M	FFD	21	48.259	8.090	1.468	0.203	40.588	9.898	1.102	0.493	19
Sleep	Night	7	M	FFD	21	47.471	7.907	1.471	0.181	39.332	9.592	1.228	0.557	19
Sleep	Night	8	M	FFD	21	44.535	6.711	1.499	0.204	36.150	7.063	1.280	0.388	19
Sleep	Night	9	M	FFD	21	40.515	7.554	1.442	0.246	33.195	7.354	1.502	0.323	19
Sleep	Day	10	M	FFD	21	11.622	5.340	1.298	0.459	6.460	2.106	1.562	0.202	19
Sleep	Day	11	M	FFD	21	15.396	5.083	1.157	0.271	8.214	2.666	0.858	0.121	19
Sleep	Day	12	M	FFD	21	23.128	5.562	1.358	0.184	12.607	3.948	0.820	0.145	19
Sleep	Day	13	M	FFD	21	43.052	8.691	2.035	0.288	26.606	9.215	1.147	0.254	19
Sleep	Day	14	M	FFD	21	44.104	7.131	2.032	0.265	28.786	8.484	1.109	0.328	19
Sleep	Day	15	M	FFD	21	44.862	6.721	1.986	0.349	29.302	9.235	1.178	0.404	19
Sleep	Day	16	M	FFD	21	42.204	5.995	1.965	0.355	28.003	7.756	1.096	0.252	19
Sleep	Day	17	M	FFD	21	34.523	7.421	1.908	0.221	21.642	6.727	1.226	0.143	19
Sleep	Day	18	M	FFD	21	24.391	6.514	1.879	0.391	13.094	3.907	1.269	0.199	19
Sleep	Day	19	M	FFD	21	18.952	6.111	1.760	0.395	9.674	3.221	1.243	0.218	19
Sleep	Day	20	M	FFD	21	11.028	5.524	1.193	0.447	6.112	2.579	1.245	0.163	19
Sleep	Day	21	M	FFD	21	5.492	4.096	0.669	0.420	3.231	2.380	1.366	0.181	19
Sleep	Night	22	M	FFD	21	22.735	10.233	1.154	0.345	17.957	9.431	2.679	0.396	19
Sleep	Night	23	M	FFD	21	48.997	7.582	1.533	0.296	39.475	11.230	1.243	0.683	19
Sleep	Night	0	F	FFD	21	51.915	6.179	1.575	0.311	42.430	9.394	1.081	0.606	19
Sleep	Night	1	F	FFD	21	52.118	6.478	1.534	0.287	42.487	9.653	1.029	0.629	19
Sleep	Night	2	F	FFD	21	51.175	7.721	1.491	0.233	42.629	10.064	0.994	0.412	19
Sleep	Night	3	F	FFD	21	50.441	7.521	1.490	0.241	42.358	9.687	1.069	0.393	19
Sleep	Night	4	F	FFD	21	50.519	7.592	1.504	0.230	42.454	9.561	0.903	0.403	19
Sleep	Night	5	F	FFD	21	50.067	7.859	1.474	0.225	42.137	9.543	0.984	0.541	19
Sleep	Night	6	F	FFD	21	49.266	8.610	1.444	0.209	41.555	10.472	1.031	0.499	19
Sleep	Night	7	F	FFD	21	48.438	9.322	1.455	0.287	41.335	10.753	0.990	0.464	19
Sleep	Night	8	F	FFD	21	47.813	8.796	1.421	0.235	40.875	10.544	1.023	0.496	19
Sleep	Night	9	F	FFD	21	46.857	6.538	1.446	0.146	39.686	7.101	1.183	0.377	19
Sleep	Day	10	F	FFD	21	13.143	5.699	1.452	0.434	7.485	2.561	1.277	0.200	19
Sleep	Day	11	F	FFD	21	9.752	5.453	0.937	0.333	5.262	2.929	0.678	0.088	19
Sleep	Day	12	F	FFD	21	12.757	5.811	1.155	0.347	6.850	3.037	0.634	0.088	19
Sleep	Day	13	F	FFD	21	24.093	9.501	1.863	0.501	13.245	5.634	0.963	0.181	19
Sleep	Day	14	F	FFD	21	27.166	10.003	1.916	0.421	15.855	7.225	0.917	0.171	19
Sleep	Day	15	F	FFD	21	29.809	9.295	2.007	0.331	17.386	7.578	0.907	0.186	19
Sleep	Day	16	F	FFD	21	28.497	7.646	2.103	0.261	15.295	5.855	0.897	0.163	19
Sleep	Day	17	F	FFD	21	25.486	7.656	1.965	0.363	13.966	4.749	0.947	0.174	19
Sleep	Day	18	F	FFD	21	20.890	5.989	1.862	0.425	10.786	3.213	0.943	0.176	19
Sleep	Day	19	F	FFD	21	17.366	5.291	1.838	0.470	8.411	2.703	0.916	0.101	19
Sleep	Day	20	F	FFD	21	12.891	5.315	1.524	0.555	6.457	2.401	0.953	0.102	19
Sleep	Day	21	F	FFD	21	8.661	4.145	1.112	0.454	4.658	1.971	1.035	0.116	19
Sleep	Night	22	F	FFD	21	25.135	11.636	1.369	0.467	18.530	10.590	1.883	0.238	19
Sleep	Night	23	F	FFD	21	46.710	10.249	1.661	0.354	35.469	11.478	1.253	0.473	19
Sleep	Night	0	M	PC	21	56.661	3.975	1.422	0.299	49.483	7.652	0.666	0.415	20
Sleep	Night	1	M	PC	21	56.820	3.467	1.429	0.292	49.314	7.338	0.706	0.453	20
Sleep	Night	2	M	PC	21	56.455	3.822	1.454	0.336	48.436	8.592	0.695	0.460	20
Sleep	Night	3	M	PC	21	56.154	4.445	1.489	0.308	47.832	8.286	0.856	0.462	20
Sleep	Night	4	M	PC	21	55.461	4.480	1.467	0.305	47.484	8.197	0.810	0.406	20
Sleep	Night	5	M	PC	21	54.908	5.943	1.413	0.266	47.400	9.008	0.762	0.440	20
Sleep	Night	6	M	PC	21	54.722	5.929	1.462	0.313	46.461	9.552	0.736	0.484	20
Sleep	Night	7	M	PC	21	53.630	7.004	1.433	0.190	45.682	8.577	0.879	0.488	20
Sleep	Night	8	M	PC	21	54.529	4.462	1.451	0.224	46.471	6.894	0.826	0.426	20
Sleep	Night	9	M	PC	21	54.510	4.672	1.392	0.215	47.121	6.680	1.033	0.459	20
Sleep	Day	10	M	PC	21	11.973	7.245	1.344	0.575	7.112	2.413	1.492	0.194	20
Sleep	Day	11	M	PC	21	15.917	7.682	1.184	0.401	8.302	4.082	0.724	0.074	20
Sleep	Day	12	M	PC	21	26.415	7.315	1.381	0.209	15.512	5.525	0.657	0.105	20
Sleep	Day	13	M	PC	21	46.858	9.209	1.910	0.346	32.757	10.788	0.886	0.255	20
Sleep	Day	14	M	PC	21	49.335	7.508	1.910	0.357	35.155	10.309	0.872	0.322	20
Sleep	Day	15	M	PC	21	50.159	6.599	1.801	0.418	37.668	10.434	0.803	0.332	20
Sleep	Day	16	M	PC	21	47.306	7.574	1.770	0.345	35.325	9.653	1.018	0.535	20
Sleep	Day	17	M	PC	21	37.291	8.988	1.681	0.284	27.440	9.190	0.959	0.226	20
Sleep	Day	18	M	PC	21	22.942	10.421	1.514	0.312	14.723	7.013	1.083	0.134	20
Sleep	Day	19	M	PC	21	13.759	9.332	1.274	0.514	7.559	4.995	1.135	0.167	20
Sleep	Day	20	M	PC	21	6.624	4.900	0.802	0.485	3.860	2.204	1.225	0.183	20
Sleep	Day	21	M	PC	21	3.378	2.466	0.457	0.269	1.994	1.205	1.392	0.233	20
Sleep	Night	22	M	PC	21	32.449	8.090	1.376	0.226	26.663	7.928	2.585	0.668	20
Sleep	Night	23	M	PC	21	55.864	4.073	1.474	0.326	47.963	8.507	0.688	0.598	20
Sleep	Night	0	F	PC	21	56.267	3.011	1.597	0.343	45.833	7.206	0.788	0.310	20
Sleep	Night	1	F	PC	21	55.574	4.042	1.639	0.326	44.718	8.082	0.967	0.425	20
Sleep	Night	2	F	PC	21	55.780	3.722	1.610	0.321	45.350	8.137	0.898	0.572	20
Sleep	Night	3	F	PC	21	55.916	3.809	1.632	0.350	45.098	8.275	1.051	0.433	20
Sleep	Night	4	F	PC	21	55.331	3.834	1.576	0.337	45.696	8.140	0.928	0.421	20
Sleep	Night	5	F	PC	21	55.319	3.701	1.648	0.352	44.403	8.153	0.953	0.467	20
Sleep	Night	6	F	PC	21	54.467	5.391	1.594	0.344	44.827	8.654	0.851	0.441	20
Sleep	Night	7	F	PC	21	54.989	3.852	1.586	0.350	45.118	7.018	0.888	0.395	20
Sleep	Night	8	F	PC	21	54.713	4.258	1.552	0.218	44.893	6.390	1.042	0.450	20
Sleep	Night	9	F	PC	21	55.558	3.120	1.495	0.207	46.060	4.684	0.986	0.324	20
Sleep	Day	10	F	PC	21	16.026	5.916	1.591	0.320	9.446	2.711	1.258	0.208	20
Sleep	Day	11	F	PC	21	8.663	4.467	0.849	0.322	4.600	2.001	0.651	0.110	20
Sleep	Day	12	F	PC	21	14.069	6.215	1.215	0.313	6.967	3.053	0.585	0.074	20
Sleep	Day	13	F	PC	21	27.089	11.428	1.907	0.403	14.840	7.636	0.907	0.231	20
Sleep	Day	14	F	PC	21	30.817	12.025	1.980	0.391	17.713	7.688	0.854	0.191	20
Sleep	Day	15	F	PC	21	32.803	11.157	2.067	0.340	19.103	7.452	0.897	0.220	20
Sleep	Day	16	F	PC	21	30.471	10.622	1.996	0.344	17.795	7.424	0.916	0.239	20
Sleep	Day	17	F	PC	21	23.563	7.593	1.828	0.318	13.746	6.164	0.922	0.290	20
Sleep	Day	18	F	PC	21	16.323	6.671	1.606	0.361	8.443	3.978	0.875	0.136	20
Sleep	Day	19	F	PC	21	11.505	4.900	1.362	0.452	6.069	2.681	0.906	0.167	20
Sleep	Day	20	F	PC	21	8.131	3.256	1.120	0.432	4.187	1.456	0.966	0.162	20
Sleep	Day	21	F	PC	21	7.089	2.357	1.028	0.313	3.824	1.218	1.062	0.177	20
Sleep	Night	22	F	PC	21	34.528	6.655	1.669	0.242	24.926	6.189	1.961	0.334	20
Sleep	Night	23	F	PC	21	55.332	3.431	1.656	0.344	44.775	7.724	0.804	0.452	20
Starve	Night	0	M	FFD	21	49.481	10.491	1.381	0.266	40.928	11.498	1.242	0.642	19
Starve	Night	1	M	FFD	21	48.176	12.143	1.337	0.325	40.358	12.502	1.270	0.774	19
Starve	Night	2	M	FFD	21	47.976	10.614	1.359	0.234	40.319	11.385	1.266	0.665	19
Starve	Night	3	M	FFD	21	45.185	10.074	1.292	0.338	38.228	9.505	1.234	0.453	19
Starve	Night	4	M	FFD	21	44.255	10.967	1.362	0.292	36.392	10.966	1.289	0.474	19
Starve	Night	5	M	FFD	21	42.959	12.204	1.259	0.275	36.628	12.052	1.239	0.491	19
Starve	Night	6	M	FFD	21	42.653	11.493	1.352	0.316	35.576	10.694	1.361	0.410	19
Starve	Night	7	M	FFD	21	40.092	11.598	1.242	0.185	34.349	11.437	1.479	0.529	19
Starve	Night	8	M	FFD	21	38.250	9.350	1.283	0.173	31.770	9.151	1.668	0.352	19
Starve	Night	9	M	FFD	21	38.172	10.734	1.370	0.259	30.279	10.598	1.561	0.338	19
Starve	Day	10	M	FFD	21	10.007	5.271	1.043	0.470	6.343	3.375	1.558	0.187	19
Starve	Day	11	M	FFD	21	8.177	6.423	0.706	0.473	5.294	4.382	1.399	0.172	19
Starve	Day	12	M	FFD	21	11.485	6.858	0.924	0.469	7.437	4.320	1.330	0.139	19
Starve	Day	14	M	FFD	21	20.475	9.756	1.247	0.541	14.149	8.144	1.463	0.236	19
Starve	Day	15	M	FFD	21	32.617	11.090	1.468	0.419	24.583	9.305	1.244	0.310	19
Starve	Day	16	M	FFD	21	36.653	9.454	1.527	0.390	28.204	10.156	1.196	0.319	19
Starve	Day	17	M	FFD	21	32.657	7.907	1.544	0.328	23.407	7.874	1.350	0.237	19
Starve	Day	18	M	FFD	21	22.967	6.488	1.636	0.452	14.105	4.950	1.406	0.188	19
Starve	Day	19	M	FFD	21	13.406	5.029	1.281	0.475	7.739	2.296	1.403	0.166	19
Starve	Day	20	M	FFD	21	8.503	5.539	0.951	0.499	4.809	2.769	1.455	0.180	19
Starve	Day	21	M	FFD	21	3.926	3.331	0.533	0.459	1.977	1.429	1.563	0.194	19
Starve	Night	22	M	FFD	21	18.407	12.084	0.831	0.412	16.378	11.065	2.679	0.351	19
Starve	Night	23	M	FFD	21	42.041	16.224	1.221	0.343	35.824	16.095	1.260	0.657	19
Starve	Night	0	F	FFD	21	44.543	15.350	1.512	0.308	35.548	15.788	1.219	0.733	19
Starve	Night	1	F	FFD	21	45.913	12.810	1.532	0.377	36.129	14.281	1.282	0.698	19
Starve	Night	2	F	FFD	21	43.767	13.370	1.464	0.358	34.144	13.692	1.239	0.616	19
Starve	Night	3	F	FFD	21	42.549	13.003	1.393	0.326	34.546	12.045	1.263	0.591	19
Starve	Night	4	F	FFD	21	41.317	13.390	1.304	0.335	33.949	13.326	1.238	0.548	19
Starve	Night	5	F	FFD	21	41.607	13.936	1.411	0.322	33.924	13.416	1.178	0.544	19
Starve	Night	6	F	FFD	21	40.913	12.650	1.380	0.310	33.498	13.102	1.326	0.587	19
Starve	Night	7	F	FFD	21	40.145	14.368	1.263	0.390	34.214	14.300	1.228	0.523	19
Starve	Night	8	F	FFD	21	41.268	12.471	1.386	0.448	33.655	12.566	1.304	0.518	19
Starve	Night	9	F	FFD	21	39.820	11.612	1.369	0.312	31.907	11.723	1.517	0.545	19
Starve	Day	10	F	FFD	21	9.905	4.318	1.118	0.423	6.577	2.591	1.318	0.164	19
Starve	Day	11	F	FFD	21	8.312	4.020	1.034	0.494	4.942	2.766	1.126	0.125	19
Starve	Day	12	F	FFD	21	11.427	5.314	1.372	0.504	5.949	2.926	1.088	0.201	19
Starve	Day	14	F	FFD	21	13.018	6.760	1.048	0.458	8.437	4.656	1.114	0.167	19
Starve	Day	15	F	FFD	21	19.941	9.294	1.283	0.440	14.169	7.938	1.130	0.468	19
Starve	Day	16	F	FFD	21	21.777	9.505	1.430	0.476	15.251	8.775	1.078	0.301	19
Starve	Day	17	F	FFD	21	20.874	8.419	1.631	0.385	13.029	7.389	1.098	0.259	19
Starve	Day	18	F	FFD	21	16.462	3.828	1.582	0.443	9.464	3.202	1.129	0.223	19
Starve	Day	19	F	FFD	21	12.128	3.611	1.344	0.433	6.541	1.904	1.177	0.306	19
Starve	Day	20	F	FFD	21	9.048	4.101	1.187	0.467	4.844	2.053	1.204	0.221	19
Starve	Day	21	F	FFD	21	6.240	2.919	0.862	0.405	3.758	1.638	1.251	0.221	19
Starve	Night	22	F	FFD	21	20.602	12.342	1.072	0.443	16.492	10.489	1.928	0.328	19
Starve	Night	23	F	FFD	21	40.013	17.279	1.485	0.487	30.214	15.708	1.392	0.756	19
Starve	Night	0	M	PC	21	50.185	8.749	1.320	0.325	43.622	9.221	0.705	0.416	20
Starve	Night	1	M	PC	21	49.785	9.174	1.376	0.279	42.645	11.770	0.810	0.582	20
Starve	Night	2	M	PC	21	49.002	9.940	1.371	0.311	41.390	11.260	0.915	0.544	20
Starve	Night	3	M	PC	21	47.118	10.752	1.377	0.313	39.456	12.074	0.923	0.429	20
Starve	Night	4	M	PC	21	45.215	11.886	1.393	0.322	36.695	11.904	1.054	0.416	20
Starve	Night	5	M	PC	21	45.034	11.017	1.499	0.391	35.398	11.323	0.953	0.355	20
Starve	Night	6	M	PC	21	44.769	10.399	1.474	0.311	35.623	10.276	1.021	0.399	20
Starve	Night	7	M	PC	21	44.267	8.138	1.532	0.451	35.225	10.195	1.214	0.495	20
Starve	Night	8	M	PC	21	44.929	7.616	1.515	0.391	35.640	9.620	1.069	0.311	20
Starve	Night	9	M	PC	21	47.174	7.881	1.520	0.333	38.484	9.522	1.113	0.474	20
Starve	Day	10	M	PC	21	15.194	8.193	1.263	0.408	11.015	5.352	1.357	0.290	20
Starve	Day	11	M	PC	21	13.271	8.855	0.911	0.594	8.940	6.180	1.208	0.233	20
Starve	Day	12	M	PC	21	16.951	9.239	1.067	0.505	11.594	7.398	1.096	0.241	20
Starve	Day	14	M	PC	21	24.203	17.085	1.171	0.556	17.647	12.526	1.217	0.270	20
Starve	Day	15	M	PC	21	32.563	15.643	1.312	0.389	25.775	12.588	1.042	0.215	20
Starve	Day	16	M	PC	21	36.567	14.337	1.364	0.443	29.128	11.511	1.173	0.519	20
Starve	Day	17	M	PC	21	30.594	12.261	1.433	0.392	22.854	9.425	1.185	0.305	20
Starve	Day	18	M	PC	21	15.619	10.488	1.224	0.499	9.498	6.420	1.314	0.258	20
Starve	Day	19	M	PC	21	8.107	7.607	0.843	0.509	4.670	3.578	1.310	0.167	20
Starve	Day	20	M	PC	21	3.889	4.064	0.532	0.450	2.306	1.675	1.402	0.233	20
Starve	Day	21	M	PC	21	2.394	2.433	0.348	0.281	1.464	1.189	1.547	0.278	20
Starve	Night	22	M	PC	21	25.619	11.960	1.076	0.336	21.784	10.645	2.604	0.720	20
Starve	Night	23	M	PC	21	47.955	10.079	1.344	0.294	41.050	10.969	0.850	0.440	20
Starve	Night	0	F	PC	21	53.270	6.861	1.441	0.348	45.315	7.939	0.659	0.423	20
Starve	Night	1	F	PC	21	52.816	7.513	1.412	0.288	44.989	8.825	0.686	0.430	20
Starve	Night	2	F	PC	21	52.162	8.837	1.381	0.251	44.657	10.440	0.768	0.544	20
Starve	Night	3	F	PC	21	50.713	10.579	1.452	0.286	42.499	11.204	0.891	0.498	20
Starve	Night	4	F	PC	21	49.997	11.085	1.481	0.251	39.916	10.982	0.986	0.438	20
Starve	Night	5	F	PC	21	48.363	12.162	1.429	0.280	39.790	11.596	0.882	0.372	20
Starve	Night	6	F	PC	21	47.964	10.698	1.357	0.337	40.521	11.652	0.934	0.573	20
Starve	Night	7	F	PC	21	46.641	10.645	1.354	0.303	39.391	10.255	0.897	0.476	20
Starve	Night	8	F	PC	21	48.144	9.180	1.325	0.290	41.650	9.160	0.838	0.394	20
Starve	Night	9	F	PC	21	50.836	8.097	1.358	0.203	43.883	8.165	0.691	0.306	20
Starve	Day	10	F	PC	21	14.025	6.522	1.525	0.528	8.637	2.844	1.189	0.165	20
Starve	Day	11	F	PC	21	9.540	5.267	1.055	0.422	5.469	3.571	1.017	0.143	20
Starve	Day	12	F	PC	21	12.231	6.642	1.287	0.513	6.689	3.867	0.984	0.154	20
Starve	Day	14	F	PC	21	18.962	10.893	1.460	0.393	11.790	8.485	1.016	0.160	20
Starve	Day	15	F	PC	21	22.131	11.652	1.578	0.400	14.380	9.743	0.956	0.196	20
Starve	Day	16	F	PC	21	22.642	11.342	1.535	0.324	15.137	9.459	0.912	0.180	20
Starve	Day	17	F	PC	21	20.613	10.588	1.615	0.413	12.669	7.365	1.055	0.302	20
Starve	Day	18	F	PC	21	14.508	6.951	1.553	0.424	7.405	4.535	1.050	0.149	20
Starve	Day	19	F	PC	21	11.476	5.987	1.350	0.490	5.929	3.009	1.034	0.127	20
Starve	Day	20	F	PC	21	7.854	3.654	1.131	0.445	4.068	1.518	1.084	0.094	20
Starve	Day	21	F	PC	21	5.751	2.972	0.824	0.384	3.425	1.245	1.159	0.117	20
Starve	Night	22	F	PC	21	30.539	11.606	1.372	0.389	23.814	8.846	1.946	0.357	20
Starve	Night	23	F	PC	21	51.343	8.412	1.416	0.364	43.464	9.674	0.676	0.390	20
