Group	Time	Hour	Sex	Pop	Temp	MeanTotalSleep	SDTotalSleep	MeanSleepBouts	SDSleepBouts	MeanSleepPerBout	SDSleepPerBout	MeanMove	SDMove	Counts
Sleep	Night	0	M	FFD	25	55.881	3.476	1.591	0.282	45.240	7.219	1.019	0.430	20
Sleep	Night	1	M	FFD	25	54.988	3.424	1.648	0.336	43.363	8.573	1.100	0.604	20
Sleep	Night	2	M	FFD	25	53.377	4.892	1.668	0.338	42.606	8.853	1.042	0.519	20
Sleep	Night	3	M	FFD	25	52.591	6.024	1.593	0.235	42.618	8.809	1.025	0.509	20
Sleep	Night	4	M	FFD	25	51.692	5.336	1.687	0.329	40.570	9.026	1.199	0.462	20
Sleep	Night	5	M	FFD	25	48.239	7.969	1.608	0.247	37.575	9.563	1.122	0.464	20
Sleep	Night	6	M	FFD	25	46.218	8.407	1.671	0.240	34.774	9.777	1.321	0.512	20
Sleep	Night	7	M	FFD	25	43.031	9.141	1.612	0.165	33.111	9.593	1.436	0.376	20
Sleep	Night	8	M	FFD	25	36.714	9.354	1.561	0.287	27.428	9.168	1.676	0.426	20
Sleep	Night	9	M	FFD	25	31.556	10.583	1.551	0.419	22.253	9.267	1.729	0.381	20
Sleep	Day	10	M	FFD	25	7.599	3.825	0.940	0.420	4.805	1.835	1.725	0.315	20
Sleep	Day	11	M	FFD	25	12.688	5.557	1.064	0.375	6.492	2.619	0.856	0.133	20
Sleep	Day	12	M	FFD	25	31.854	10.106	2.006	0.466	17.782	8.225	1.165	0.196	20
Sleep	Day	13	M	FFD	25	37.968	8.789	2.108	0.376	22.323	8.841	1.085	0.268	20
Sleep	Day	14	M	FFD	25	41.895	9.351	2.026	0.405	26.806	11.251	1.068	0.293	20
Sleep	Day	15	M	FFD	25	44.761	7.692	2.116	0.442	28.557	11.521	1.083	0.334	20
Sleep	Day	16	M	FFD	25	45.543	7.848	1.936	0.397	31.222	11.456	1.139	0.541	20
Sleep	Day	17	M	FFD	25	43.289	9.507	1.873	0.355	30.471	12.260	1.057	0.366	20
Sleep	Day	18	M	FFD	25	34.383	9.838	1.870	0.311	22.536	8.769	1.199	0.227	20
Sleep	Day	19	M	FFD	25	24.508	9.464	1.840	0.508	12.937	4.803	1.279	0.278	20
Sleep	Day	20	M	FFD	25	14.870	8.341	1.437	0.645	7.499	3.459	1.303	0.186	20
Sleep	Day	21	M	FFD	25	5.756	5.720	0.703	0.597	3.177	2.174	1.440	0.201	20
Sleep	Night	22	M	FFD	25	20.609	12.542	0.973	0.372	17.836	11.614	2.759	0.437	20
Sleep	Night	23	M	FFD	25	51.329	7.650	1.495	0.302	42.667	10.197	1.003	0.645	20
Sleep	Night	0	F	FFD	25	53.145	5.783	1.568	0.326	43.728	10.025	0.747	0.448	20
Sleep	Night	1	F	FFD	25	52.957	5.695	1.645	0.305	41.687	8.893	0.920	0.344	20
Sleep	Night	2	F	FFD	25	53.192	5.507	1.546	0.308	43.633	8.719	0.882	0.388	20
Sleep	Night	3	F	FFD	25	52.221	6.262	1.637	0.338	41.669	10.001	0.943	0.418	20
Sleep	Night	4	F	FFD	25	51.306	6.162	1.628	0.336	40.625	9.238	1.025	0.437	20
Sleep	Night	5	F	FFD	25	51.419	6.030	1.654	0.298	40.440	9.093	0.954	0.421	20
Sleep	Night	6	F	FFD	25	50.548	7.134	1.632	0.236	39.602	9.505	1.030	0.383	20
Sleep	Night	7	F	FFD	25	49.562	7.184	1.666	0.338	38.553	9.603	1.068	0.400	20
Sleep	Night	8	F	FFD	25	46.617	9.190	1.632	0.283	36.106	9.982	1.129	0.388	20
Sleep	Night	9	F	FFD	25	42.034	9.041	1.596	0.344	32.302	10.363	1.174	0.284	20
Sleep	Day	10	F	FFD	25	8.576	4.346	1.064	0.458	5.278	1.702	1.416	0.323	20
Sleep	Day	11	F	FFD	25	7.074	5.135	0.797	0.495	3.370	1.816	0.726	0.148	20
Sleep	Day	12	F	FFD	25	16.423	9.006	1.493	0.754	8.402	3.762	1.005	0.193	20
Sleep	Day	13	F	FFD	25	22.563	9.148	1.851	0.657	11.797	4.184	0.985	0.202	20
Sleep	Day	14	F	FFD	25	26.750	10.622	1.809	0.548	15.919	7.385	0.910	0.164	20
Sleep	Day	15	F	FFD	25	30.825	10.414	1.984	0.409	17.320	7.956	0.933	0.135	20
Sleep	Day	16	F	FFD	25	31.821	10.756	2.000	0.422	18.311	7.952	0.953	0.221	20
Sleep	Day	17	F	FFD	25	30.490	9.837	2.027	0.501	16.847	7.663	0.965	0.168	20
Sleep	Day	18	F	FFD	25	23.806	8.047	1.882	0.481	13.038	6.018	0.973	0.211	20
Sleep	Day	19	F	FFD	25	17.633	7.609	1.625	0.571	8.981	3.591	0.996	0.192	20
Sleep	Day	20	F	FFD	25	12.278	7.694	1.347	0.717	5.963	2.499	1.031	0.171	20
Sleep	Day	21	F	FFD	25	7.138	5.018	0.916	0.632	4.031	1.855	1.149	0.212	20
Sleep	Night	22	F	FFD	25	22.384	12.416	1.217	0.416	17.277	11.422	1.844	0.268	20
Sleep	Night	23	F	FFD	25	47.417	10.533	1.681	0.344	37.215	12.518	0.924	0.391	20
Sleep	Night	0	M	PC	25	57.741	4.549	1.330	0.352	52.034	8.746	0.421	0.403	19
Sleep	Night	1	M	PC	25	58.271	2.776	1.330	0.358	51.641	8.334	0.475	0.456	19
Sleep	Night	2	M	PC	25	57.654	3.317	1.377	0.297	50.548	7.752	0.630	0.459	19
Sleep	Night	3	M	PC	25	56.876	4.069	1.388	0.236	49.337	7.405	0.596	0.421	19
Sleep	Night	4	M	PC	25	56.573	4.348	1.502	0.365	47.273	8.957	0.710	0.448	19
Sleep	Night	5	M	PC	25	55.536	5.826	1.549	0.400	45.388	10.699	0.864	0.487	19
Sleep	Night	6	M	PC	25	54.071	6.207	1.657	0.451	42.984	11.302	0.849	0.490	19
Sleep	Night	7	M	PC	25	52.555	7.068	1.650	0.324	41.271	8.933	1.025	0.377	19
Sleep	Night	8	M	PC	25	50.602	6.712	1.627	0.334	40.325	9.818	0.930	0.465	19
Sleep	Night	9	M	PC	25	45.282	10.255	1.734	0.420	33.305	11.219	1.392	0.436	19
Sleep	Day	10	M	PC	25	7.635	3.114	1.029	0.377	4.716	1.505	1.664	0.308	19
Sleep	Day	11	M	PC	25	14.054	6.388	1.115	0.428	7.393	3.293	0.716	0.120	19
Sleep	Day	12	M	PC	25	37.326	11.403	1.968	0.380	23.331	8.861	0.945	0.172	19
Sleep	Day	13	M	PC	25	44.568	10.590	1.941	0.307	30.313	10.712	0.834	0.296	19
Sleep	Day	14	M	PC	25	47.903	8.424	1.933	0.452	34.032	11.178	0.814	0.299	19
Sleep	Day	15	M	PC	25	50.378	7.295	1.807	0.382	37.205	10.923	0.837	0.342	19
Sleep	Day	16	M	PC	25	51.743	7.025	1.675	0.356	40.164	10.716	0.779	0.262	19
Sleep	Day	17	M	PC	25	50.207	7.126	1.651	0.328	39.458	10.410	0.843	0.366	19
Sleep	Day	18	M	PC	25	36.858	12.933	1.703	0.350	26.217	12.009	1.164	0.438	19
Sleep	Day	19	M	PC	25	20.976	11.425	1.502	0.504	12.566	8.329	1.120	0.241	19
Sleep	Day	20	M	PC	25	7.395	5.385	0.774	0.455	4.201	2.623	1.223	0.223	19
Sleep	Day	21	M	PC	25	2.308	1.475	0.326	0.211	1.641	1.023	1.416	0.339	19
Sleep	Night	22	M	PC	25	35.176	6.031	1.339	0.195	30.212	6.497	2.393	0.523	19
Sleep	Night	23	M	PC	25	57.342	5.192	1.345	0.345	51.110	9.269	0.457	0.473	19
Sleep	Night	0	F	PC	25	58.420	3.263	1.344	0.334	51.696	7.369	0.422	0.250	19
Sleep	Night	1	F	PC	25	57.988	3.782	1.324	0.302	51.792	7.896	0.464	0.379	19
Sleep	Night	2	F	PC	25	57.724	3.584	1.347	0.322	51.086	7.660	0.486	0.317	19
Sleep	Night	3	F	PC	25	57.754	2.955	1.330	0.249	50.883	6.490	0.548	0.392	19
Sleep	Night	4	F	PC	25	57.616	2.704	1.416	0.345	49.757	7.540	0.606	0.295	19
Sleep	Night	5	F	PC	25	57.629	2.420	1.449	0.383	49.349	7.603	0.673	0.326	19
Sleep	Night	6	F	PC	25	57.197	3.005	1.427	0.340	49.084	7.913	0.730	0.485	19
Sleep	Night	7	F	PC	25	56.705	2.838	1.500	0.302	47.355	7.042	0.731	0.341	19
Sleep	Night	8	F	PC	25	56.285	3.468	1.489	0.317	47.441	7.737	0.654	0.389	19
Sleep	Night	9	F	PC	25	53.988	5.103	1.481	0.293	45.053	7.747	0.842	0.352	19
Sleep	Day	10	F	PC	25	9.172	3.907	1.125	0.335	6.291	1.922	1.453	0.232	19
Sleep	Day	11	F	PC	25	5.084	2.771	0.570	0.264	2.838	1.352	0.691	0.117	19
Sleep	Day	12	F	PC	25	15.969	6.924	1.550	0.520	7.887	2.941	0.892	0.159	19
Sleep	Day	13	F	PC	25	24.952	9.479	1.961	0.574	12.505	4.378	0.838	0.147	19
Sleep	Day	14	F	PC	25	30.069	12.779	1.909	0.552	17.711	7.706	0.797	0.183	19
Sleep	Day	15	F	PC	25	34.674	13.462	1.872	0.416	22.015	10.160	0.827	0.199	19
Sleep	Day	16	F	PC	25	35.535	13.155	1.846	0.411	23.571	9.395	0.829	0.211	19
Sleep	Day	17	F	PC	25	32.169	11.239	1.792	0.312	20.737	8.629	0.912	0.249	19
Sleep	Day	18	F	PC	25	19.267	7.971	1.478	0.351	11.675	4.578	0.924	0.182	19
Sleep	Day	19	F	PC	25	11.442	4.595	1.154	0.393	6.792	2.315	0.993	0.211	19
Sleep	Day	20	F	PC	25	6.016	2.442	0.716	0.267	3.939	1.455	1.055	0.218	19
Sleep	Day	21	F	PC	25	3.732	1.939	0.522	0.257	2.473	1.183	1.225	0.302	19
Sleep	Night	22	F	PC	25	34.399	8.439	1.538	0.207	26.419	7.295	1.780	0.372	19
Sleep	Night	23	F	PC	25	57.042	5.725	1.394	0.358	49.749	9.558	0.563	0.415	19
Starve	Night	0	M	FFD	25	40.660	14.683	1.210	0.313	33.780	13.570	1.144	0.574	20
Starve	Night	1	M	FFD	25	39.119	14.587	1.279	0.443	31.035	13.982	1.254	0.570	20
Starve	Night	2	M	FFD	25	37.730	11.316	1.274	0.440	29.602	10.330	1.453	0.572	20
Starve	Night	3	M	FFD	25	35.690	12.623	1.252	0.379	28.538	10.746	1.516	0.329	20
Starve	Night	4	M	FFD	25	34.482	9.683	1.343	0.318	26.209	9.141	1.633	0.540	20
Starve	Night	5	M	FFD	25	36.546	9.714	1.261	0.206	29.765	9.269	1.339	0.402	20
Starve	Night	6	M	FFD	25	37.009	10.686	1.272	0.326	29.678	9.297	1.386	0.352	20
Starve	Night	7	M	FFD	25	36.362	6.774	1.319	0.242	29.069	6.413	1.492	0.505	20
Starve	Night	8	M	FFD	25	35.834	8.460	1.364	0.253	28.451	6.758	1.400	0.332	20
Starve	Night	9	M	FFD	25	33.317	8.356	1.258	0.282	27.297	7.524	1.613	0.446	20
Starve	Day	10	M	FFD	25	16.760	13.199	0.767	0.351	14.744	12.228	1.508	0.503	20
Starve	Day	11	M	FFD	25	19.306	15.952	0.714	0.494	16.689	14.139	1.296	0.479	20
Starve	Day	12	M	FFD	25	21.557	16.951	0.692	0.399	19.948	16.538	1.050	0.535	10
Starve	Day	13	M	FFD	25	17.413	9.090	1.094	0.535	12.347	7.863	1.760	0.294	20
Starve	Day	14	M	FFD	25	26.191	9.504	1.570	0.458	17.375	10.418	1.506	0.373	20
Starve	Day	15	M	FFD	25	32.939	7.813	1.697	0.476	22.248	9.551	1.542	0.433	20
Starve	Day	16	M	FFD	25	38.831	7.532	1.819	0.359	26.124	11.008	1.304	0.428	20
Starve	Day	17	M	FFD	25	39.725	7.632	1.723	0.353	27.840	9.602	1.435	0.502	20
Starve	Day	18	M	FFD	25	33.355	8.322	1.923	0.394	19.981	7.371	1.562	0.444	20
Starve	Day	19	M	FFD	25	21.645	7.655	1.639	0.478	12.506	3.784	1.656	0.505	20
Starve	Day	20	M	FFD	25	9.724	6.309	1.010	0.551	5.504	3.164	1.566	0.372	20
Starve	Day	21	M	FFD	25	3.167	4.486	0.384	0.506	2.076	2.284	1.835	0.456	20
Starve	Night	22	M	FFD	25	9.627	8.693	0.528	0.376	8.845	8.261	2.892	0.310	20
Starve	Night	23	M	FFD	25	34.558	18.732	1.105	0.400	28.987	17.271	1.388	0.658	20
Starve	Night	0	F	FFD	25	44.293	11.392	1.438	0.295	35.512	13.431	0.956	0.532	20
Starve	Night	1	F	FFD	25	44.240	10.991	1.512	0.285	34.443	12.314	1.061	0.341	20
Starve	Night	2	F	FFD	25	41.217	10.716	1.452	0.253	32.333	12.157	1.009	0.392	20
Starve	Night	3	F	FFD	25	41.041	10.966	1.562	0.240	30.769	11.141	1.242	0.458	20
Starve	Night	4	F	FFD	25	41.440	11.316	1.545	0.197	31.364	11.780	1.259	0.444	20
Starve	Night	5	F	FFD	25	42.069	11.377	1.506	0.171	31.944	11.694	1.111	0.335	20
Starve	Night	6	F	FFD	25	41.586	11.649	1.506	0.313	32.535	11.071	1.220	0.485	20
Starve	Night	7	F	FFD	25	40.218	10.950	1.587	0.268	30.390	11.789	1.201	0.497	20
Starve	Night	8	F	FFD	25	38.916	10.728	1.469	0.230	29.928	11.678	1.230	0.391	20
Starve	Night	9	F	FFD	25	36.981	8.389	1.483	0.285	28.426	7.251	1.329	0.362	20
Starve	Day	10	F	FFD	25	8.321	6.063	0.929	0.552	5.427	4.029	1.426	0.334	20
Starve	Day	11	F	FFD	25	9.235	8.570	0.975	0.839	5.417	5.041	1.158	0.243	20
Starve	Day	12	F	FFD	25	11.587	10.693	1.012	0.827	6.945	7.234	1.013	0.194	10
Starve	Day	13	F	FFD	25	13.743	8.803	1.097	0.718	8.024	4.749	1.310	0.307	20
Starve	Day	14	F	FFD	25	17.877	9.228	1.272	0.579	11.033	7.552	1.200	0.264	20
Starve	Day	15	F	FFD	25	24.588	10.548	1.567	0.634	14.967	7.496	1.233	0.236	20
Starve	Day	16	F	FFD	25	26.200	10.128	1.634	0.524	16.581	7.320	1.196	0.252	20
Starve	Day	17	F	FFD	25	27.743	10.634	1.690	0.423	17.286	7.975	1.248	0.316	20
Starve	Day	18	F	FFD	25	23.157	10.228	1.667	0.530	13.489	6.758	1.259	0.314	20
Starve	Day	19	F	FFD	25	15.780	9.471	1.463	0.664	8.224	3.503	1.222	0.213	20
Starve	Day	20	F	FFD	25	9.661	7.842	1.010	0.672	5.330	3.230	1.222	0.273	20
Starve	Day	21	F	FFD	25	4.824	5.320	0.653	0.643	2.737	2.205	1.384	0.348	20
Starve	Night	22	F	FFD	25	13.600	11.102	0.791	0.383	11.134	10.218	1.876	0.306	20
Starve	Night	23	F	FFD	25	36.000	15.669	1.422	0.355	27.200	15.455	1.162	0.351	20
Starve	Night	0	M	PC	25	42.665	12.984	1.212	0.425	36.902	13.759	0.879	0.494	19
Starve	Night	1	M	PC	25	42.675	12.218	1.293	0.411	35.434	12.184	0.967	0.466	19
Starve	Night	2	M	PC	25	40.979	12.295	1.259	0.382	33.608	12.939	1.136	0.510	19
Starve	Night	3	M	PC	25	40.670	11.805	1.286	0.409	32.912	11.345	1.169	0.376	19
Starve	Night	4	M	PC	25	39.707	10.729	1.414	0.374	30.916	10.482	1.092	0.380	19
Starve	Night	5	M	PC	25	40.619	10.348	1.417	0.565	32.587	12.331	0.946	0.446	19
Starve	Night	6	M	PC	25	41.760	9.655	1.234	0.324	36.091	9.833	0.880	0.345	19
Starve	Night	7	M	PC	25	43.260	8.867	1.270	0.434	36.967	8.440	0.948	0.438	19
Starve	Night	8	M	PC	25	45.628	7.659	1.391	0.364	38.473	7.203	0.973	0.451	19
Starve	Night	9	M	PC	25	45.288	7.718	1.423	0.378	37.494	7.314	1.014	0.456	19
Starve	Day	10	M	PC	25	24.137	17.239	0.977	0.411	21.420	15.135	1.266	0.712	19
Starve	Day	11	M	PC	25	28.217	18.524	0.863	0.487	24.991	17.830	1.020	0.627	19
Starve	Day	12	M	PC	25	31.349	18.609	0.866	0.225	29.097	19.758	0.782	0.519	10
Starve	Day	13	M	PC	25	20.518	14.744	1.121	0.623	14.278	10.495	1.525	0.450	19
Starve	Day	14	M	PC	25	28.100	13.508	1.408	0.564	19.222	10.087	1.319	0.327	19
Starve	Day	15	M	PC	25	34.356	14.365	1.531	0.439	23.703	11.532	1.263	0.409	19
Starve	Day	16	M	PC	25	40.391	12.445	1.522	0.407	30.790	11.062	1.281	0.621	19
Starve	Day	17	M	PC	25	39.064	14.659	1.484	0.574	28.850	13.270	1.494	0.949	19
Starve	Day	18	M	PC	25	30.401	13.846	1.528	0.520	20.946	10.914	1.480	0.307	19
Starve	Day	19	M	PC	25	11.708	9.355	0.985	0.616	7.132	5.669	1.488	0.366	19
Starve	Day	20	M	PC	25	4.125	4.785	0.426	0.405	2.350	2.550	1.598	0.522	19
Starve	Day	21	M	PC	25	2.728	4.673	0.291	0.402	1.298	2.284	1.842	0.770	19
Starve	Night	22	M	PC	25	17.983	12.035	0.806	0.411	15.218	10.703	2.627	0.755	19
Starve	Night	23	M	PC	25	38.561	14.571	1.112	0.466	32.988	15.422	1.089	0.617	19
Starve	Night	0	F	PC	25	47.594	14.309	1.273	0.307	41.762	15.982	0.536	0.430	19
Starve	Night	1	F	PC	25	47.884	13.584	1.337	0.317	40.258	14.566	0.755	0.482	19
Starve	Night	2	F	PC	25	46.551	14.419	1.403	0.213	38.444	14.618	0.846	0.461	19
Starve	Night	3	F	PC	25	46.141	13.532	1.448	0.271	38.025	13.295	0.752	0.381	19
Starve	Night	4	F	PC	25	46.745	11.916	1.486	0.289	37.631	12.783	0.884	0.510	19
Starve	Night	5	F	PC	25	47.245	10.033	1.509	0.267	37.317	11.577	0.882	0.283	19
Starve	Night	6	F	PC	25	48.257	9.206	1.571	0.328	38.304	10.284	0.906	0.378	19
Starve	Night	7	F	PC	25	48.042	8.991	1.441	0.302	39.903	10.884	0.779	0.347	19
Starve	Night	8	F	PC	25	48.395	8.774	1.350	0.234	41.461	10.307	0.848	0.392	19
Starve	Night	9	F	PC	25	49.759	6.388	1.447	0.256	41.633	7.346	1.004	0.393	19
Starve	Day	10	F	PC	25	14.247	12.336	0.945	0.314	11.996	11.812	1.357	0.437	19
Starve	Day	11	F	PC	25	14.186	13.430	0.735	0.441	11.630	13.053	1.020	0.353	19
Starve	Day	12	F	PC	25	14.347	13.272	0.900	0.553	10.949	11.045	0.885	0.233	10
Starve	Day	13	F	PC	25	12.385	10.164	0.976	0.551	7.675	5.753	1.239	0.252	19
Starve	Day	14	F	PC	25	15.461	10.844	1.180	0.612	9.550	6.921	1.148	0.235	19
Starve	Day	15	F	PC	25	20.806	14.131	1.329	0.635	13.372	10.437	1.133	0.211	19
Starve	Day	16	F	PC	25	24.828	14.785	1.348	0.584	16.378	10.563	1.040	0.224	19
Starve	Day	17	F	PC	25	25.787	14.798	1.470	0.569	16.561	11.220	1.121	0.293	19
Starve	Day	18	F	PC	25	18.711	10.776	1.212	0.498	12.773	8.133	1.134	0.295	19
Starve	Day	19	F	PC	25	10.870	6.861	0.995	0.519	6.341	4.325	1.162	0.209	19
Starve	Day	20	F	PC	25	5.299	3.398	0.667	0.370	3.195	1.661	1.263	0.289	19
Starve	Day	21	F	PC	25	2.821	1.940	0.386	0.271	1.736	1.106	1.428	0.367	19
Starve	Night	22	F	PC	25	19.592	13.094	0.920	0.444	16.282	11.108	1.917	0.422	19
Starve	Night	23	F	PC	25	44.725	14.890	1.287	0.307	39.031	16.052	0.767	0.443	19
