Genotype	Pop	Sex	Temp	LD50_mean	LenF_mean	LenQ_mean	PerChange	GluNorm	GluCanS	TGANorm	TGACanS	Sleep_ALL_percent	Sleep_ALL_meanMove	Sleep_Day_percent	Sleep_Day_meanMove	Sleep_Night_percent	Sleep_Night_meanMove	Starve_ALL_percent	Starve_ALL_meanMove	Starve_Day_percent	Starve_Day_meanMove	Starve_Night_percent	Starve_Night_meanMove
FFD23	FFD	F	21	118.833	1.771	1.647	-44.829	0.051	1.209	0.239	1.036	0.476	1.663	0.409	1.302	0.542	2.194	0.270	2.045	0.256	1.647	0.284	2.417
FFD6	FFD	M	21	88.167	1.475	1.407	-28.113	0.046	1.468	0.185	1.119	0.531	1.589	0.390	1.299	0.671	2.153	0.387	1.650	0.222	1.414	0.546	2.134
PC141	PC	M	25	49.333	1.276	1.231	-29.926	0.049	1.196	0.226	NA	0.773	1.492	0.632	1.320	0.913	2.298	0.544	2.293	0.421	2.168	0.661	2.409
FFD14	FFD	F	21	136.667	1.662	1.538	-13.628	0.093	2.335	0.303	1.343	0.651	1.324	0.431	1.145	0.870	2.225	0.565	1.358	0.283	1.237	0.837	2.084
FFD19	FFD	M	25	48.667	1.372	1.343	-5.458	0.034	0.851	0.176	NA	0.610	1.321	0.373	1.131	0.846	2.112	0.568	1.596	0.347	1.435	0.780	2.269
PC113	PC	F	25	62.667	1.424	1.369	-16.997	0.051	1.511	0.277	NA	0.645	1.138	0.329	1.080	0.959	2.034	0.534	1.276	0.260	1.191	0.802	1.838
PC12	PC	F	21	125.333	1.619	1.562	-7.345	0.067	2.217	0.182	1.012	0.664	1.143	0.398	1.050	0.930	2.088	0.613	1.146	0.262	1.091	0.952	2.137
FFD23	FFD	F	25	91.000	1.545	1.391	-21.237	0.048	0.961	0.314	NA	0.544	1.241	0.448	1.000	0.640	1.573	0.424	1.407	0.435	1.219	0.411	1.543
PC155	PC	F	25	74.250	1.590	1.433	-10.471	0.047	1.693	0.193	NA	0.642	1.142	0.377	1.004	0.906	2.006	0.572	1.369	0.348	1.282	0.787	1.846
FFD29	FFD	F	21	120.333	1.696	1.525	-29.079	0.042	1.324	0.185	1.224	0.620	1.225	0.442	0.990	0.797	1.936	0.443	1.408	0.254	1.175	0.625	1.978
PC141	PC	M	21	72.833	1.377	1.275	-28.525	0.056	1.676	0.200	1.149	0.680	1.488	0.457	1.283	0.903	2.714	0.483	1.754	0.215	1.492	0.743	2.738
PC189	PC	M	25	45.833	1.236	1.133	-31.978	0.052	1.485	0.210	NA	0.647	1.387	0.451	1.282	0.843	1.746	0.437	1.573	0.389	1.288	0.483	1.933
PC189	PC	F	25	50.167	1.466	1.317	-31.405	0.041	0.877	0.191	NA	0.568	1.163	0.225	1.100	0.909	1.835	0.386	1.303	0.259	1.156	0.510	1.414
FFD10	FFD	F	21	121.167	1.641	1.541	-9.794	0.057	2.032	0.285	1.218	0.619	1.207	0.370	1.008	0.867	2.171	0.556	1.306	0.241	1.230	0.861	2.140
FFD6	FFD	F	25	79.500	1.501	1.371	-20.536	0.070	1.505	0.239	NA	0.406	1.099	0.163	0.975	0.647	1.501	0.302	1.368	0.154	1.313	0.445	1.506
PC167	PC	M	21	78.500	1.434	1.328	-22.401	0.042	1.283	0.113	0.780	0.677	1.344	0.419	1.223	0.935	2.485	0.523	1.722	0.207	1.619	0.827	2.626
FFD29	FFD	M	25	60.167	1.318	1.191	-31.465	0.041	1.007	0.210	NA	0.646	1.661	0.572	1.312	0.719	2.266	0.445	2.135	0.433	1.953	0.455	2.244
FFD4	FFD	F	21	129.667	1.694	1.464	-18.569	0.097	2.925	0.211	1.057	0.592	1.130	0.296	1.006	0.886	1.843	0.480	1.242	0.198	1.102	0.752	1.789
FFD19	FFD	F	25	68.833	1.557	1.507	-3.068	0.040	0.932	0.211	NA	0.530	0.994	0.166	0.912	0.894	1.765	0.513	1.235	0.193	1.182	0.825	1.784
PC12	PC	M	25	62.667	1.261	1.218	-15.317	0.049	1.195	0.232	NA	0.725	1.474	0.538	1.340	0.911	2.161	0.615	1.848	0.391	1.840	0.834	2.291
FFD2	FFD	M	25	43.833	1.356	1.227	-25.511	0.038	1.050	0.240	NA	0.760	2.032	0.652	1.803	0.867	2.613	0.565	2.046	0.438	1.857	0.690	2.465
PC114	PC	M	21	78.333	1.416	1.264	-22.571	0.050	1.664	0.196	1.249	0.739	1.139	0.530	1.058	0.949	1.846	0.574	1.419	0.288	1.345	0.850	2.116
FFD22	FFD	M	21	87.333	1.471	1.307	-21.656	0.041	1.414	0.123	0.858	0.607	1.564	0.456	1.355	0.757	2.081	0.477	1.702	0.328	1.412	0.621	2.387
PC136	PC	M	25	40.000	1.219	1.161	-42.530	0.051	1.103	0.167	NA	0.661	1.115	0.406	1.041	0.916	1.730	0.386	1.311	0.243	1.240	0.524	1.342
PC12	PC	F	25	115.000	1.467	1.387	-9.321	0.056	1.632	0.230	NA	0.677	1.148	0.404	1.079	0.949	1.911	0.611	1.352	0.283	1.346	0.927	1.964
PC114	PC	M	25	60.714	1.241	0.968	-16.978	0.038	0.832	0.233	NA	0.721	1.488	0.526	1.393	0.917	1.968	0.604	1.680	0.398	1.583	0.801	2.066
PC136	PC	F	21	92.833	1.550	1.390	-21.841	0.055	2.012	0.220	0.866	0.584	1.031	0.280	0.866	0.886	2.069	0.456	1.152	0.218	1.074	0.685	1.433
PC200	PC	M	21	84.167	1.461	1.281	-13.461	0.066	2.122	0.169	0.999	0.599	1.528	0.449	1.190	0.748	2.386	0.504	1.537	0.298	1.274	0.704	2.351
FFD16	FFD	M	21	80.333	1.500	1.353	-27.405	0.037	1.152	0.157	1.084	0.670	1.733	0.550	1.410	0.789	2.341	0.490	1.666	0.413	1.519	0.566	1.950
PC85	PC	M	21	93.833	1.437	1.335	-7.972	0.046	1.542	0.274	1.242	0.802	1.543	0.665	1.355	0.939	2.484	0.734	1.361	0.512	1.207	0.948	2.435
PC85	PC	M	25	66.500	1.312	1.234	-6.929	0.050	1.342	0.261	NA	0.805	1.326	0.683	1.232	0.927	1.859	0.748	1.415	0.555	1.291	0.936	2.254
FFD16	FFD	F	25	70.000	1.529	1.446	-15.281	0.044	1.056	0.210	NA	0.659	1.097	0.481	0.910	0.835	1.685	0.567	1.119	0.465	0.988	0.664	1.364
PC114	PC	F	21	102.333	1.598	1.510	-9.430	0.065	1.690	0.234	1.037	0.649	1.018	0.364	0.914	0.934	1.866	0.589	1.205	0.274	1.133	0.894	1.912
FFD4	FFD	M	25	50.500	1.335	1.243	-13.767	0.057	1.500	0.201	NA	0.648	1.857	0.474	1.723	0.822	2.322	0.554	1.883	0.406	1.699	0.698	2.402
PC114	PC	F	25	98.833	1.382	1.101	-6.958	0.045	1.074	0.209	NA	0.657	1.080	0.381	1.030	0.933	1.624	0.612	1.168	0.309	1.174	0.906	1.639
PC85	PC	F	25	101.167	1.463	1.394	-1.607	0.054	1.154	0.257	NA	0.708	0.994	0.466	0.928	0.949	1.557	0.695	1.126	0.439	1.079	0.944	1.602
FFD19	FFD	F	21	113.333	1.730	1.612	-6.367	0.062	2.133	0.191	0.991	0.541	0.984	0.265	0.810	0.815	1.738	0.504	1.166	0.226	1.048	0.774	1.655
FFD23	FFD	M	25	57.500	1.375	1.263	-30.954	0.045	1.187	0.339	NA	0.574	1.603	0.515	1.232	0.631	2.065	0.395	1.735	0.429	1.308	0.359	2.009
FFD22	FFD	F	25	93.333	1.539	1.427	-29.449	0.052	0.583	0.224	NA	0.554	1.087	0.393	0.864	0.714	1.596	0.395	1.288	0.245	1.176	0.540	1.544
PC141	PC	F	21	97.500	1.519	1.416	-23.715	0.056	1.942	0.150	0.999	0.619	1.140	0.331	0.978	0.906	2.318	0.465	1.306	0.165	1.192	0.758	1.983
PC12	PC	M	21	88.000	1.419	1.383	-15.671	0.056	1.783	0.248	1.466	0.719	1.545	0.505	1.437	0.931	2.398	0.606	1.541	0.292	1.476	0.910	2.308
PC85	PC	F	21	129.833	1.622	1.492	-2.560	0.052	1.502	0.339	1.354	0.722	1.026	0.510	0.932	0.932	1.733	0.700	1.028	0.456	0.927	0.935	1.976
FFD6	FFD	M	25	53.167	1.353	1.238	-14.316	0.051	1.157	0.292	NA	0.505	1.542	0.370	1.291	0.639	1.946	0.428	1.927	0.281	1.827	0.570	2.176
FFD10	FFD	M	21	86.167	1.422	1.407	2.792	0.040	1.283	0.229	1.240	0.602	1.912	0.459	1.472	0.744	2.962	0.605	1.724	0.387	1.536	0.817	2.450
PC200	PC	M	25	46.800	1.338	1.313	-15.834	0.047	1.286	0.194	NA	0.519	1.636	0.416	1.304	0.622	2.175	0.429	2.045	0.396	1.786	0.461	2.284
PC200	PC	F	25	67.333	1.510	1.481	-27.520	0.052	1.019	0.202	NA	0.482	1.084	0.224	0.911	0.739	1.653	0.332	1.367	0.146	1.204	0.518	1.677
FFD14	FFD	F	25	122.833	1.541	1.426	-13.067	0.042	0.937	0.249	NA	0.658	1.403	0.400	1.333	0.915	1.974	0.573	1.503	0.340	1.423	0.799	1.901
PC155	PC	F	21	102.833	1.664	1.582	-6.161	0.084	2.238	0.223	1.207	0.659	1.157	0.394	1.012	0.924	2.340	0.616	1.171	0.293	1.084	0.929	2.141
PC167	PC	M	25	55.667	1.268	0.960	-20.386	0.059	1.904	0.162	NA	0.703	1.523	0.485	1.425	0.920	2.300	0.561	1.940	0.396	1.884	0.721	2.149
FFD14	FFD	M	25	66.833	1.335	1.298	-28.519	0.033	0.698	0.233	NA	0.736	1.771	0.578	1.614	0.893	2.517	0.527	2.040	0.412	1.950	0.640	2.222
PC189	PC	F	21	68.833	1.531	1.367	-15.904	0.052	1.724	0.186	0.866	0.511	1.126	0.180	1.002	0.841	1.844	0.432	1.039	0.246	0.901	0.614	1.318
FFD2	FFD	F	21	98.500	1.638	1.387	-12.273	0.060	1.753	0.193	0.967	0.611	1.156	0.288	1.075	0.935	1.948	0.539	1.202	0.209	1.117	0.859	1.986
FFD10	FFD	M	25	59.167	1.288	1.226	-9.583	0.046	1.178	0.246	NA	0.586	1.834	0.387	1.450	0.783	2.888	0.527	1.861	0.318	1.576	0.730	2.560
FFD10	FFD	F	25	100.667	1.478	1.372	-9.958	0.046	1.128	0.280	NA	0.636	1.258	0.393	1.127	0.877	1.929	0.570	1.108	0.272	1.006	0.857	1.704
FFD29	FFD	F	25	104.429	1.490	1.271	-27.870	0.037	0.784	0.184	NA	0.619	1.137	0.425	0.950	0.811	1.771	0.455	1.457	0.321	1.306	0.583	1.662
PC141	PC	F	25	71.000	1.440	1.359	-30.022	0.049	1.285	0.185	NA	0.662	1.221	0.374	1.145	0.948	2.157	0.461	1.453	0.139	1.365	0.774	2.188
PC113	PC	M	25	40.333	1.250	1.191	-27.305	0.048	1.505	0.235	NA	0.778	1.517	0.605	1.381	0.950	2.494	0.567	1.334	0.497	1.285	0.634	1.290
PC189	PC	M	21	55.667	1.325	1.265	-25.184	0.047	1.499	0.184	1.141	0.567	1.570	0.376	1.228	0.757	2.506	0.422	1.503	0.301	1.247	0.539	1.953
PC167	PC	F	25	72.667	NA	NA	-23.785	0.055	1.272	0.191	NA	0.619	1.093	0.285	1.027	0.952	2.070	0.471	1.326	0.153	1.329	0.784	1.565
FFD22	FFD	M	25	60.333	1.365	1.264	-28.212	0.056	1.694	0.200	NA	0.574	1.357	0.467	1.265	0.679	1.579	0.411	1.833	0.354	1.783	0.465	1.988
FFD16	FFD	F	21	110.333	1.653	1.533	-52.807	0.052	1.555	0.196	1.012	0.630	1.038	0.453	0.795	0.805	1.686	0.301	1.118	0.257	0.967	0.344	1.297
FFD4	FFD	F	25	96.833	1.483	1.372	-12.745	0.047	0.945	0.201	NA	0.502	1.399	0.257	1.247	0.746	1.880	0.441	1.489	0.242	1.349	0.633	1.908
PC155	PC	M	25	45.875	1.388	1.255	-32.301	0.058	2.109	0.173	NA	0.728	1.376	0.575	1.189	0.879	2.052	0.494	1.807	0.423	1.541	0.564	2.280
PC136	PC	M	21	60.500	1.354	1.260	-42.762	0.055	1.691	0.152	0.813	0.691	1.140	0.438	1.093	0.944	1.683	0.387	1.155	0.232	1.071	0.539	1.264
FFD23	FFD	M	21	86.333	1.575	1.464	-42.920	0.034	1.144	0.223	1.321	0.587	1.744	0.522	1.362	0.651	2.233	0.346	1.775	0.265	1.558	0.424	1.994
FFD16	FFD	M	25	49.167	1.348	1.251	-28.107	0.037	0.782	0.218	NA	0.681	1.614	0.591	1.257	0.770	2.264	0.488	1.666	0.580	1.277	0.400	1.941
FFD22	FFD	F	21	112.667	1.651	1.468	-12.736	0.073	2.625	0.270	1.005	0.582	1.167	0.354	0.975	0.810	1.942	0.508	1.261	0.258	1.105	0.749	1.865
FFD19	FFD	M	21	83.167	1.505	1.431	-11.607	0.052	1.520	0.283	1.390	0.598	1.191	0.346	1.013	0.851	1.975	0.528	1.496	0.242	1.296	0.804	2.274
PC136	PC	F	25	49.667	1.431	1.354	-35.976	0.055	1.333	0.222	NA	0.571	0.929	0.235	0.869	0.906	1.504	0.369	1.209	0.206	1.122	0.527	1.345
FFD2	FFD	M	21	79.000	1.502	1.283	-14.431	0.042	1.246	0.159	0.806	0.755	1.688	0.609	1.498	0.900	2.350	0.644	1.622	0.402	1.427	0.879	2.541
PC200	PC	F	21	96.167	1.640	1.401	-9.992	0.066	1.962	0.181	0.800	0.547	1.250	0.337	0.942	0.755	2.098	0.484	1.184	0.281	1.100	0.680	1.716
FFD14	FFD	M	21	87.667	1.469	1.406	-25.807	0.036	1.232	0.201	1.385	0.691	1.614	0.492	1.450	0.889	2.321	0.514	1.733	0.256	1.552	0.763	2.379
FFD2	FFD	F	25	76.167	1.541	1.380	-22.209	0.046	1.189	0.257	NA	0.610	1.498	0.288	1.411	0.932	2.382	0.475	1.695	0.161	1.670	0.783	2.108
PC113	PC	F	21	87.000	1.524	1.444	-14.858	0.039	0.988	0.210	1.148	0.638	1.051	0.326	0.950	0.949	2.195	0.539	1.171	0.206	1.066	0.863	1.987
PC167	PC	F	21	87.000	1.623	1.466	-9.153	0.048	1.442	0.180	0.818	0.589	1.160	0.261	1.025	0.916	2.574	0.531	1.266	0.163	1.196	0.888	2.224
FFD4	FFD	M	21	88.167	1.499	1.362	-14.433	0.083	2.445	0.191	1.302	0.684	1.619	0.509	1.477	0.858	2.168	0.583	1.659	0.274	1.541	0.881	2.437
FFD6	FFD	F	21	118.500	1.666	1.571	-18.428	0.092	2.633	0.329	0.901	0.416	1.085	0.188	0.893	0.643	1.565	0.331	1.327	0.142	1.206	0.514	1.552
PC155	PC	M	21	81.667	1.479	1.426	-16.064	0.029	0.966	0.178	1.172	0.732	1.566	0.575	1.402	0.888	2.318	0.609	1.576	0.379	1.458	0.832	2.463
PC113	PC	M	21	65.667	1.336	1.189	-25.546	0.128	3.572	0.276	1.582	0.767	1.495	0.580	1.375	0.952	2.440	0.571	1.319	0.376	1.212	0.759	1.641
FFD29	FFD	M	21	94.500	1.524	1.361	-30.055	0.045	1.373	0.251	1.367	0.634	1.566	0.496	1.206	0.771	2.460	0.448	1.822	0.277	1.556	0.614	2.384
