Genotype	Pop	Temp	Sex	Sleep_ALL_percent	Sleep_ALL_boutNum	Sleep_ALL_meanBout	Sleep_ALL_meanMove	Sleep_Day_percent	Sleep_Day_boutNum	Sleep_Day_meanBout	Sleep_Day_meanMove	Sleep_Night_percent	Sleep_Night_boutNum	Sleep_Night_meanBout	Sleep_Night_meanMove	Starve_ALL_percent	Starve_ALL_boutNum	Starve_ALL_meanBout	Starve_ALL_meanMove	Starve_Day_percent	Starve_Day_boutNum	Starve_Day_meanBout	Starve_Day_meanMove	Starve_Night_percent	Starve_Night_boutNum	Starve_Night_meanBout	Starve_Night_meanMove
PC136	PC	21	M	0.691	34.640	60.701	1.140	0.438	14.560	24.097	1.093	0.944	3.120	437.920	1.683	0.387	21.920	29.337	1.155	0.232	5.780	27.529	1.071	0.539	10.880	64.929	1.264
PC136	PC	21	F	0.584	51.103	41.257	1.031	0.280	18.328	12.326	0.866	0.886	7.500	245.854	2.069	0.456	24.931	34.601	1.152	0.218	8.793	11.495	1.074	0.685	7.966	131.767	1.433
PC136	PC	25	M	0.661	37.786	59.431	1.115	0.406	14.821	24.987	1.041	0.916	4.357	253.045	1.730	0.386	12.143	55.745	1.311	0.243	3.393	56.919	1.240	0.524	6.214	94.886	1.342
PC136	PC	25	F	0.571	41.727	43.059	0.929	0.235	16.295	10.612	0.869	0.906	5.045	251.125	1.504	0.369	21.227	29.954	1.209	0.206	5.364	34.886	1.122	0.527	11.545	51.049	1.345
FFD2	FFD	21	M	0.755	43.562	53.503	1.688	0.609	15.422	30.922	1.498	0.900	6.516	183.227	2.350	0.644	15.719	74.442	1.622	0.402	6.297	31.523	1.427	0.879	4.969	162.174	2.541
FFD2	FFD	21	F	0.611	36.767	57.526	1.156	0.288	14.800	14.479	1.075	0.935	3.833	324.541	1.948	0.539	17.200	84.136	1.202	0.209	5.133	22.337	1.117	0.859	8.733	151.907	1.986
FFD2	FFD	25	M	0.760	41.920	54.103	2.032	0.652	12.080	42.301	1.803	0.867	8.880	91.901	2.613	0.565	15.760	60.706	2.046	0.438	4.660	64.426	1.857	0.690	9.040	73.623	2.465
FFD2	FFD	25	F	0.610	32.148	59.851	1.498	0.288	10.204	22.907	1.411	0.932	6.037	214.046	2.382	0.475	13.296	72.043	1.695	0.161	3.759	24.577	1.670	0.783	8.333	156.264	2.108
FFD14	FFD	21	M	0.691	42.688	55.503	1.614	0.492	15.266	26.897	1.450	0.889	6.250	264.679	2.321	0.514	12.969	73.101	1.733	0.256	3.734	37.296	1.552	0.763	6.719	147.511	2.379
FFD14	FFD	21	F	0.651	48.774	43.166	1.324	0.431	17.661	20.320	1.145	0.870	7.016	230.467	2.225	0.565	14.935	73.213	1.358	0.283	4.871	20.200	1.237	0.837	6.032	232.322	2.084
FFD14	FFD	25	M	0.736	39.321	65.274	1.771	0.578	12.446	47.591	1.614	0.893	7.429	209.449	2.517	0.527	15.000	63.293	2.040	0.412	5.268	61.613	1.950	0.640	7.750	105.300	2.222
FFD14	FFD	25	F	0.658	40.370	58.835	1.403	0.400	14.093	27.731	1.333	0.915	6.389	246.495	1.974	0.573	18.852	52.820	1.503	0.340	6.000	19.972	1.423	0.799	8.444	137.314	1.901
FFD6	FFD	21	M	0.531	58.345	27.294	1.589	0.390	15.897	18.467	1.299	0.671	13.379	56.760	2.153	0.387	19.414	33.078	1.650	0.222	6.103	16.784	1.414	0.546	9.966	49.666	2.134
FFD6	FFD	21	F	0.416	60.966	20.459	1.085	0.188	14.621	8.980	0.893	0.643	16.069	38.534	1.565	0.331	24.966	19.776	1.327	0.142	6.086	8.266	1.206	0.514	13.966	33.214	1.552
FFD6	FFD	25	M	0.505	55.889	27.751	1.542	0.370	16.148	17.286	1.291	0.639	11.870	49.893	1.946	0.428	22.963	29.082	1.927	0.281	7.648	14.856	1.827	0.570	11.667	42.064	2.176
FFD6	FFD	25	F	0.406	51.308	27.914	1.099	0.163	12.231	8.444	0.975	0.647	13.596	46.069	1.501	0.302	21.769	21.811	1.368	0.154	6.346	10.534	1.313	0.445	13.538	28.903	1.506
PC114	PC	21	M	0.739	42.767	54.144	1.139	0.530	15.800	27.373	1.058	0.949	5.967	284.477	1.846	0.574	18.867	56.409	1.419	0.288	4.617	24.250	1.345	0.850	10.633	92.299	2.116
PC114	PC	21	F	0.649	56.731	37.251	1.018	0.364	19.327	14.701	0.914	0.934	9.346	235.528	1.866	0.589	22.077	53.511	1.205	0.274	6.346	14.394	1.133	0.894	10.577	191.348	1.912
PC114	PC	25	M	0.721	37.440	63.982	1.488	0.526	12.200	41.027	1.393	0.917	6.820	188.000	1.968	0.604	19.360	59.673	1.680	0.398	4.820	32.129	1.583	0.801	11.000	107.049	2.066
PC114	PC	25	F	0.657	47.692	44.672	1.080	0.381	15.846	19.232	1.030	0.933	8.423	204.604	1.624	0.612	24.192	41.086	1.168	0.309	8.654	12.691	1.174	0.906	8.538	114.214	1.639
PC141	PC	21	M	0.680	44.233	52.054	1.488	0.457	13.050	34.288	1.283	0.903	9.367	145.081	2.714	0.483	14.200	78.650	1.754	0.215	4.050	38.624	1.492	0.743	7.200	140.913	2.738
PC141	PC	21	F	0.619	54.483	35.734	1.140	0.331	17.724	14.247	0.978	0.906	9.828	163.087	2.318	0.465	16.862	58.651	1.306	0.165	6.052	10.431	1.192	0.758	5.414	155.154	1.983
PC141	PC	25	M	0.773	39.167	65.660	1.492	0.632	11.875	50.710	1.320	0.913	7.875	120.083	2.298	0.544	13.333	66.468	2.293	0.421	4.396	74.495	2.168	0.661	6.250	93.237	2.409
PC141	PC	25	F	0.662	40.440	53.970	1.221	0.374	15.880	20.251	1.145	0.948	4.680	302.845	2.157	0.461	13.680	95.079	1.453	0.139	4.720	15.259	1.365	0.774	6.400	187.405	2.188
FFD29	FFD	21	M	0.634	50.781	41.060	1.566	0.496	15.703	25.939	1.206	0.771	9.844	141.814	2.460	0.448	20.531	38.961	1.822	0.277	5.703	18.940	1.556	0.614	10.344	74.736	2.384
FFD29	FFD	21	F	0.620	74.935	27.207	1.225	0.442	24.484	14.485	0.990	0.797	13.210	111.834	1.936	0.443	29.839	25.221	1.408	0.254	7.774	12.504	1.175	0.625	14.935	45.723	1.978
FFD29	FFD	25	M	0.646	52.346	41.826	1.661	0.572	12.981	42.089	1.312	0.719	13.115	66.229	2.266	0.445	18.923	37.553	2.135	0.433	6.115	45.634	1.953	0.455	9.385	42.985	2.244
FFD29	FFD	25	F	0.619	67.464	28.592	1.137	0.425	20.696	15.440	0.950	0.811	13.125	74.881	1.771	0.455	29.607	24.589	1.457	0.321	8.000	14.733	1.306	0.583	14.857	36.118	1.662
PC155	PC	21	M	0.732	45.933	52.995	1.566	0.575	13.933	40.742	1.402	0.888	9.383	215.087	2.318	0.609	16.000	68.191	1.576	0.379	5.533	35.277	1.458	0.832	6.567	184.060	2.463
PC155	PC	21	F	0.659	52.033	40.604	1.157	0.394	17.733	18.971	1.012	0.924	8.550	192.189	2.340	0.616	19.833	49.805	1.171	0.293	7.717	11.642	1.084	0.929	5.867	263.205	2.141
PC155	PC	25	M	0.728	49.818	47.037	1.376	0.575	14.455	35.071	1.189	0.879	10.477	98.183	2.052	0.494	19.636	40.513	1.807	0.423	6.477	47.866	1.541	0.564	8.318	58.331	2.280
PC155	PC	25	F	0.642	53.154	38.436	1.142	0.377	17.269	17.657	1.004	0.906	9.538	122.215	2.006	0.572	19.962	46.714	1.369	0.348	7.731	24.089	1.282	0.787	8.846	103.110	1.846
PC113	PC	21	M	0.767	29.167	84.794	1.495	0.580	10.367	46.196	1.375	0.952	4.550	308.885	2.440	0.571	28.233	37.059	1.319	0.376	6.083	26.497	1.212	0.759	16.567	61.574	1.641
PC113	PC	21	F	0.638	50.000	42.313	1.051	0.326	18.667	13.797	0.950	0.949	6.722	205.760	2.195	0.539	22.333	39.927	1.171	0.206	7.185	9.395	1.066	0.863	8.815	136.363	1.987
PC113	PC	25	M	0.778	29.652	83.159	1.517	0.605	9.543	59.118	1.381	0.950	5.435	256.054	2.494	0.567	30.304	29.479	1.334	0.497	6.957	74.818	1.285	0.634	17.174	39.796	1.290
PC113	PC	25	F	0.645	32.074	64.929	1.138	0.329	12.759	20.923	1.080	0.959	3.630	292.705	2.034	0.534	21.852	45.508	1.276	0.260	6.222	18.108	1.191	0.802	10.519	141.049	1.838
PC189	PC	21	M	0.567	55.593	32.344	1.570	0.376	15.870	18.963	1.228	0.757	12.204	61.425	2.506	0.422	26.630	27.384	1.503	0.301	6.759	31.155	1.247	0.539	14.148	44.306	1.953
PC189	PC	21	F	0.511	58.000	29.143	1.126	0.180	14.900	8.864	1.002	0.841	14.480	79.869	1.844	0.432	30.080	23.163	1.039	0.246	9.320	12.173	0.901	0.614	12.080	55.576	1.318
PC189	PC	25	M	0.647	56.765	34.926	1.387	0.451	16.529	22.074	1.282	0.843	11.882	68.078	1.746	0.437	17.471	47.143	1.573	0.389	6.118	58.505	1.288	0.483	7.412	57.527	1.933
PC189	PC	25	F	0.568	46.556	41.188	1.163	0.225	13.889	11.613	1.100	0.909	9.611	123.618	1.835	0.386	22.000	26.755	1.303	0.259	5.333	51.234	1.156	0.510	11.889	36.805	1.414
FFD22	FFD	21	M	0.607	53.033	36.771	1.564	0.456	16.033	23.704	1.355	0.757	10.567	111.022	2.081	0.477	21.467	44.552	1.702	0.328	6.867	22.771	1.412	0.621	8.600	126.863	2.387
FFD22	FFD	21	F	0.582	55.724	32.890	1.167	0.354	18.741	15.185	0.975	0.810	9.431	132.675	1.942	0.508	28.724	28.998	1.261	0.258	8.810	10.737	1.105	0.749	12.690	57.636	1.865
FFD22	FFD	25	M	0.574	60.840	30.005	1.357	0.467	16.900	24.018	1.265	0.679	13.460	54.994	1.579	0.411	20.120	46.327	1.833	0.354	9.640	47.693	1.783	0.465	7.800	65.146	1.988
FFD22	FFD	25	F	0.554	83.400	21.606	1.087	0.393	22.800	13.629	0.864	0.714	18.880	48.660	1.596	0.395	27.240	23.052	1.288	0.245	8.460	17.411	1.176	0.540	13.480	39.657	1.544
PC85	PC	21	M	0.802	45.679	56.457	1.543	0.665	16.393	34.790	1.355	0.939	6.786	237.727	2.484	0.734	21.750	55.242	1.361	0.512	8.446	20.448	1.207	0.948	5.500	226.259	2.435
PC85	PC	21	F	0.722	59.400	39.397	1.026	0.510	21.850	19.372	0.932	0.932	8.067	178.559	1.733	0.700	27.967	47.974	1.028	0.456	10.300	17.651	0.927	0.935	8.467	186.639	1.976
PC85	PC	25	M	0.805	42.240	62.951	1.326	0.683	13.900	47.420	1.232	0.927	7.400	193.055	1.859	0.748	17.200	76.264	1.415	0.555	6.900	32.747	1.291	0.936	5.160	185.341	2.254
PC85	PC	25	F	0.708	48.875	51.522	0.994	0.466	18.250	25.152	0.928	0.949	6.292	234.448	1.557	0.695	18.917	65.051	1.126	0.439	7.917	21.936	1.079	0.944	5.375	224.479	1.602
PC200	PC	21	M	0.599	62.233	32.300	1.528	0.449	14.950	27.400	1.190	0.748	16.300	59.425	2.386	0.504	19.633	48.405	1.537	0.298	5.700	21.096	1.274	0.704	8.767	108.889	2.351
PC200	PC	21	F	0.547	80.100	22.370	1.250	0.337	21.083	11.957	0.942	0.755	19.283	67.367	2.098	0.484	32.900	27.003	1.184	0.281	10.350	13.936	1.100	0.680	13.433	94.927	1.716
PC200	PC	25	M	0.519	68.267	23.581	1.636	0.416	14.167	27.426	1.304	0.622	20.033	26.509	2.175	0.429	16.467	48.308	2.045	0.396	4.800	65.686	1.786	0.461	9.667	53.467	2.284
PC200	PC	25	F	0.482	77.000	18.713	1.084	0.224	17.833	8.778	0.911	0.739	20.700	34.354	1.653	0.332	21.467	23.555	1.367	0.146	4.467	16.386	1.204	0.518	13.133	31.605	1.677
FFD19	FFD	21	M	0.598	53.548	37.254	1.191	0.346	18.500	13.956	1.013	0.851	8.484	162.220	1.975	0.528	21.129	40.921	1.496	0.242	6.935	11.424	1.296	0.804	8.677	112.742	2.274
FFD19	FFD	21	F	0.541	63.200	27.381	0.984	0.265	20.917	8.821	0.810	0.815	10.850	116.160	1.738	0.504	27.933	32.513	1.166	0.226	9.283	8.552	1.048	0.774	10.133	133.012	1.655
FFD19	FFD	25	M	0.610	55.958	33.784	1.321	0.373	19.292	14.824	1.131	0.846	8.854	130.993	2.112	0.568	21.083	45.710	1.596	0.347	10.271	24.458	1.435	0.780	7.583	95.564	2.269
FFD19	FFD	25	F	0.530	39.167	56.799	0.994	0.166	12.562	9.930	0.912	0.894	7.292	222.571	1.765	0.513	19.167	51.909	1.235	0.193	6.521	14.125	1.182	0.825	8.875	131.843	1.784
FFD10	FFD	21	M	0.602	56.167	32.934	1.912	0.459	18.183	20.036	1.472	0.744	10.083	85.735	2.962	0.605	22.167	44.457	1.724	0.387	7.883	17.552	1.536	0.817	7.067	118.732	2.450
FFD10	FFD	21	F	0.619	67.759	27.622	1.207	0.370	23.103	11.978	1.008	0.867	11.121	111.715	2.171	0.556	23.207	40.474	1.306	0.241	8.793	9.869	1.230	0.861	6.483	174.347	2.140
FFD10	FFD	25	M	0.586	53.857	33.034	1.834	0.387	17.536	16.322	1.450	0.783	9.482	84.928	2.888	0.527	22.857	35.677	1.861	0.318	8.107	14.643	1.576	0.730	9.357	71.616	2.560
FFD10	FFD	25	F	0.636	62.393	30.767	1.258	0.393	21.821	13.715	1.127	0.877	9.679	131.312	1.929	0.570	25.107	35.667	1.108	0.272	8.554	10.076	1.006	0.857	9.036	119.996	1.704
FFD23	FFD	21	M	0.587	69.964	25.086	1.744	0.522	19.679	20.287	1.362	0.651	15.429	36.580	2.233	0.346	20.464	23.620	1.775	0.265	6.232	18.438	1.558	0.424	9.214	35.003	1.994
FFD23	FFD	21	F	0.476	65.600	22.204	1.663	0.409	19.720	16.857	1.302	0.542	13.380	35.726	2.194	0.270	25.160	15.345	2.045	0.256	8.320	12.549	1.647	0.284	10.880	17.748	2.417
FFD23	FFD	25	M	0.574	74.885	22.700	1.603	0.515	21.327	17.885	1.232	0.631	16.019	35.443	2.065	0.395	24.885	26.800	1.735	0.429	7.962	40.345	1.308	0.359	9.269	41.261	2.009
FFD23	FFD	25	F	0.544	77.048	20.966	1.241	0.448	21.571	15.209	1.000	0.640	16.929	34.839	1.573	0.424	35.190	17.087	1.407	0.435	10.524	13.292	1.219	0.411	14.857	20.420	1.543
PC12	PC	21	M	0.719	43.484	62.781	1.545	0.505	14.016	36.091	1.437	0.931	8.000	215.787	2.398	0.606	17.226	65.150	1.541	0.292	5.097	26.939	1.476	0.910	8.774	127.793	2.308
PC12	PC	21	F	0.664	49.367	43.290	1.143	0.398	15.000	22.508	1.050	0.930	10.050	144.112	2.088	0.613	19.433	65.970	1.146	0.262	6.183	13.882	1.091	0.952	7.767	211.722	2.137
PC12	PC	25	M	0.725	54.280	42.323	1.474	0.538	17.160	28.939	1.340	0.911	10.060	122.343	2.161	0.615	18.600	52.321	1.848	0.391	7.060	28.027	1.840	0.834	7.960	106.314	2.291
PC12	PC	25	F	0.677	45.667	51.162	1.148	0.404	16.111	22.957	1.079	0.949	6.926	233.464	1.911	0.611	18.519	58.149	1.352	0.283	7.370	15.055	1.346	0.927	6.889	200.048	1.964
FFD16	FFD	21	M	0.670	72.143	28.771	1.733	0.550	27.429	15.726	1.410	0.789	8.714	108.064	2.341	0.490	28.643	26.909	1.666	0.413	10.857	25.364	1.519	0.566	9.929	61.294	1.950
FFD16	FFD	21	F	0.630	69.846	27.891	1.038	0.453	27.962	11.567	0.795	0.805	7.038	159.399	1.686	0.301	25.077	18.721	1.118	0.257	8.846	10.475	0.967	0.344	8.077	34.710	1.297
FFD16	FFD	25	M	0.681	72.353	27.915	1.614	0.591	24.265	18.715	1.257	0.770	11.912	64.421	2.264	0.488	28.882	40.062	1.666	0.580	10.529	60.929	1.277	0.400	9.059	55.536	1.941
FFD16	FFD	25	F	0.659	77.400	25.853	1.097	0.481	29.533	12.296	0.910	0.835	9.383	97.019	1.685	0.567	36.200	26.243	1.119	0.465	12.083	22.976	0.988	0.664	12.367	58.685	1.364
PC167	PC	21	M	0.677	42.968	49.241	1.344	0.419	15.274	23.639	1.223	0.935	6.581	248.177	2.485	0.523	12.774	70.249	1.722	0.207	3.984	21.131	1.619	0.827	6.290	202.898	2.626
PC167	PC	21	F	0.589	52.433	36.327	1.160	0.261	17.450	10.502	1.025	0.916	9.167	206.877	2.574	0.531	19.100	54.676	1.266	0.163	7.050	8.551	1.196	0.888	6.233	240.094	2.224
PC167	PC	25	M	0.703	39.458	56.669	1.523	0.485	13.542	30.802	1.425	0.920	6.500	207.221	2.300	0.561	14.000	68.465	1.940	0.396	4.917	48.502	1.884	0.721	6.417	110.593	2.149
PC167	PC	25	F	0.619	35.739	54.338	1.093	0.285	12.761	17.258	1.027	0.952	5.348	286.754	2.070	0.471	15.391	58.037	1.326	0.153	4.130	17.306	1.329	0.784	8.609	209.428	1.565
FFD4	FFD	21	M	0.684	56.800	38.012	1.619	0.509	16.683	24.340	1.477	0.858	12.017	104.236	2.168	0.583	20.100	48.617	1.659	0.274	6.467	14.708	1.541	0.881	9.067	120.972	2.437
FFD4	FFD	21	F	0.592	50.935	37.694	1.130	0.296	18.258	13.326	1.006	0.886	7.532	170.818	1.843	0.480	25.355	39.489	1.242	0.198	7.871	9.255	1.102	0.752	10.516	107.262	1.789
FFD4	FFD	25	M	0.648	63.583	36.626	1.857	0.474	18.750	20.588	1.723	0.822	13.167	99.942	2.322	0.554	24.708	39.708	1.883	0.406	7.792	23.976	1.699	0.698	10.833	75.048	2.402
FFD4	FFD	25	F	0.502	58.259	28.380	1.399	0.257	14.611	13.382	1.247	0.746	14.667	89.832	1.880	0.441	26.630	27.026	1.489	0.242	8.148	10.972	1.349	0.633	12.407	71.916	1.908
